6.238987104505842179e-02 5.404603357611808406e-02 5.414340931778215821e-02 5.384601477251058782e-02 5.485622275995427621e-02 5.420825248916958522e-02 5.473555702874358109e-02 5.104252949567759240e-02 -2.006114329131571811e-02 4.564652365363109504e-02 1.991593635938899640e-02 1.576653610986352913e-02 -4.976089630649289247e-02
5.404603357611831305e-02 5.446403444597492510e-02 5.229288341233901544e-02 5.178094149926292661e-02 5.303934190616035188e-02 5.228351690595262058e-02 5.189954792444911869e-02 4.930041088719704784e-02 -2.070785456067555930e-02 4.457207285966150595e-02 1.615943642267189326e-02 1.637912800427234958e-02 -5.276242752331831987e-02
5.414340931778222066e-02 5.229288341233902238e-02 5.321156966677121486e-02 5.187364520652669453e-02 5.332258039793252163e-02 5.237714912521324040e-02 5.211503902460241228e-02 4.926892665908898933e-02 -2.108821435561215180e-02 4.477503494952252833e-02 1.654892154131194434e-02 1.637088874625325374e-02 -5.082472952833670676e-02
5.384601477251014373e-02 5.178094149926232986e-02 5.187364520652620187e-02 5.254618663751299545e-02 5.255151758118049160e-02 5.178358309616642313e-02 5.160297155647364242e-02 4.912718345318202451e-02 -2.141041995214712848e-02 4.533559008283333941e-02 1.508829773461691989e-02 1.519778204545987541e-02 -5.422950064922910790e-02
5.485622275995404029e-02 5.303934190615971350e-02 5.332258039793196652e-02 5.255151758118065120e-02 5.524002114997804413e-02 5.296936167240434701e-02 5.278445694360830304e-02 5.035726984727718902e-02 -1.958037343735598637e-02 4.454149831922313979e-02 1.795651302314066333e-02 1.699100000309664710e-02 -4.842615604383210953e-02
5.420825248916955746e-02 5.228351690595232221e-02 5.237714912521308080e-02 5.178358309616671457e-02 5.296936167240486742e-02 5.460874999256681156e-02 5.204526046942688222e-02 4.956720500704852456e-02 -2.087140934701909450e-02 4.483447978090720348e-02 1.645628720513213003e-02 1.599323927287469096e-02 -5.110189048256235517e-02
5.473555702874340761e-02 5.189954792444858439e-02 5.211503902460206533e-02 5.160297155647369793e-02 5.278445694360836549e-02 5.204526046942659079e-02 5.478939022193384661e-02 4.859370723145951809e-02 -2.070034594364665234e-02 4.569883454993415445e-02 1.559399320998637248e-02 1.488649810146111530e-02 -4.683470659247890994e-02
5.104252949567713443e-02 4.930041088719654824e-02 4.926892665908849667e-02 4.912718345318226043e-02 5.035726984727734168e-02 4.956720500704837884e-02 4.859370723145955973e-02 1.035961984251311113e-01 -2.554124328738476349e-02 4.544271315393005189e-02 2.149287132080079585e-02 1.736983465133380353e-02 -5.623261739754859684e-02
-2.006114329131481952e-02 -2.070785456067575359e-02 -2.108821435561245711e-02 -2.141041995214663235e-02 -1.958037343735591698e-02 -2.087140934701834163e-02 -2.070034594364606254e-02 -2.554124328738422225e-02 3.027973031720261332e-01 3.406174214176418275e-02 -6.146581819536826863e-02 -1.875404471658055905e-01 7.656519185295726504e-02
4.564652365363151831e-02 4.457207285966122146e-02 4.477503494952294466e-02 4.533559008283366554e-02 4.454149831922322306e-02 4.483447978090726593e-02 4.569883454993484140e-02 4.544271315393057925e-02 3.406174214176410642e-02 2.958109477936279319e-01 1.463772492814728945e-02 8.197771583469511125e-02 -1.784789047643247362e-01
1.991593635938915252e-02 1.615943642267176836e-02 1.654892154131194781e-02 1.508829773461698755e-02 1.795651302314071190e-02 1.645628720513166859e-02 1.559399320998631697e-02 2.149287132080093810e-02 -6.146581819536766494e-02 1.463772492814754272e-02 1.521203138938178323e-01 -5.619850259638591028e-02 -1.351389972437531950e-01
1.576653610986303300e-02 1.637912800427233223e-02 1.637088874625308721e-02 1.519778204546012000e-02 1.699100000309622382e-02 1.599323927287372993e-02 1.488649810146079090e-02 1.736983465133370291e-02 -1.875404471658040362e-01 8.197771583469584677e-02 -5.619850259638701356e-02 3.041982837158210273e-01 2.726153826469807431e-02
-4.976089630649269124e-02 -5.276242752331811864e-02 -5.082472952833741453e-02 -5.422950064922905239e-02 -4.842615604383253974e-02 -5.110189048256307681e-02 -4.683470659247968709e-02 -5.623261739754886052e-02 7.656519185295786178e-02 -1.784789047643252635e-01 -1.351389972437547493e-01 2.726153826469849759e-02 3.003212783801225694e-01
